single link:
Cluster 1: [1, 2, 3, 4, 5, 6, 7, 8, 9, 10, 11, 12, 13, 14, 15, 16, 17, 18, 19, 20, 21, 22, 23, 24, 26, 27, 28, 29, 30, 31, 32, 33, 34, 35, 36, 37, 38, 39, 40, 41, 44, 45, 46, 47, 48, 49, 50, 51, 52, 53, 54, 55, 56, 57, 58, 59, 60, 61, 62, 63, 64, 65, 66, 67, 68, 69, 70, 71, 72, 73, 74, 75, 76, 77, 78, 79, 80, 81, 82, 83, 84, 85, 86, 87, 88, 89, 90, 91, 92, 93, 94, 95, 96, 97, 98, 99, 100, 101, 102, 103, 104, 105, 106, 107, 108, 109, 110, 111, 112, 113, 114, 115, 116, 117, 118, 119, 120, 121, 122, 123, 124, 125, 126, 127, 128, 129, 130, 131, 132, 133, 134, 135, 136, 137, 138, 139, 140, 141, 142, 143, 144, 145, 146, 147, 148, 149, 150, 151, 152, 153, 154, 155, 156, 157, 158, 159, 160, 162, 163, 164, 165, 166, 167, 168, 169, 170, 171, 172, 173, 174, 175, 176, 177, 178, 179, 180, 181, 182, 183, 184, 185, 186, 187, 188, 189, 190, 192, 193, 194, 195, 196, 197, 198, 199, 200, 201, 202, 203, 204, 205, 206, 207, 208, 209, 210, 211, 212, 213, 214, 215, 216, 217, 219, 220, 221, 222, 223, 224, 225, 226, 227, 228, 229, 230, 231, 232, 233, 234, 235, 236, 237, 238, 239, 240, 241, 242, 243, 244, 245, 246, 247, 248, 249, 250, 251, 252, 253, 254, 255, 256, 257, 258, 259, 260, 261, 262, 263, 264, 265, 266, 267, 268, 269, 270, 271, 272, 273, 274, 275, 276, 277, 278, 279, 280, 281], dominant label = B-CELL_ALL, silhouette = 0.101
Cluster 25: [25], dominant label = B-CELL_ALL, silhouette = 0.0
Cluster 42: [42], dominant label = B-CELL_ALL, silhouette = 0.0
Cluster 43: [43], dominant label = B-CELL_ALL, silhouette = 0.0
Cluster 161: [161], dominant label = B-CELL_ALL_HYPO, silhouette = 0.0
Cluster 191: [191], dominant label = B-CELL_ALL_T-ALL, silhouette = 0.0
Cluster 218: [218], dominant label = B-CELL_ALL_T-ALL, silhouette = 0.0
Whole data: silhouette = 0.099, RI = 0.202
complete link:
Cluster 1: [1, 2, 5, 7, 14, 19, 22, 23, 24, 26, 28, 30, 31, 32, 34, 36, 37, 38, 39, 40, 44, 45, 46, 47, 48, 49, 50, 54, 55, 56, 57, 58, 59, 61, 66, 67, 68, 70, 71, 72, 73, 74, 78, 92, 94, 108, 114, 117, 120, 122, 130, 132, 140, 142, 146, 148, 151, 152, 153, 155, 157, 159, 164, 165, 168, 173, 179, 181, 230, 233, 234, 235, 236, 237, 240, 241, 242, 243, 244, 245, 246, 248, 249, 253, 255, 256, 258, 259, 260, 261, 262, 263, 266, 267, 268, 269, 270, 271, 272, 274, 275, 276, 277, 279, 280], dominant label = B-CELL_ALL, silhouette = 0.086
Cluster 3: [3, 8, 9, 10, 11, 13, 15, 17, 18, 20, 21, 27, 29, 52, 53, 60, 62, 63, 64, 65, 69, 75, 76, 77, 79, 80, 81, 82, 83, 84, 85, 86, 87, 88, 89, 90, 91, 93, 95, 97, 98, 99, 100, 101, 102, 103, 104, 105, 106, 107, 109, 110, 111, 112, 113, 115, 116, 118, 121, 123, 124, 125, 126, 127, 128, 129, 131, 134, 137, 138, 139, 141, 143, 144, 145, 147, 149, 150, 154, 156, 158, 162, 163, 166, 167, 169, 170, 171, 172, 174, 175, 176, 177, 178, 180, 182, 229, 231, 232, 247, 250, 257, 264, 265, 273, 281], dominant label = B-CELL_ALL_HYPERDIP, silhouette = 0.031
Cluster 4: [4, 6, 12, 16, 197, 218], dominant label = B-CELL_ALL, silhouette = 0.068
Cluster 25: [25, 35, 96, 278], dominant label = B-CELL_ALL, silhouette = 0.159
Cluster 33: [33, 41, 42, 43, 119, 160, 161, 238, 239, 251, 252, 254], dominant label = B-CELL_ALL_ETV6-RUNX1, silhouette = 0.101
Cluster 51: [51, 133, 135, 136, 191, 192, 224], dominant label = B-CELL_ALL_HYPERDIP, silhouette = -0.049
Cluster 183: [183, 184, 185, 186, 187, 188, 189, 190, 193, 194, 195, 196, 198, 199, 200, 201, 202, 203, 204, 205, 206, 207, 208, 209, 210, 211, 212, 213, 214, 215, 216, 217, 219, 220, 221, 222, 223, 225, 226, 227, 228], dominant label = B-CELL_ALL_T-ALL, silhouette = 0.171
Whole data: silhouette = 0.075, RI = 0.706
